[1] 1
   cluster_id ess_num
1           0    1470
2           1    1347
3           2    1160
4           3     950
5           4     929
6           5     906
7           6     887
8           7     467
9           8     425
10          9     333
11         10     327
12         11     120
[1] 2
   cluster_id ess_num
1           0     718
2           1     673
3           2     604
4           3     596
5           4     587
6           5     536
7           6     502
8           7     468
9           8     455
10          9     444
11         10     440
12         11     385
13         12     351
14         13     340
15         14     308
16         15     301
17         16     293
18         17     290
19         18     285
20         19     173
21         20     166
22         21     126
23         22     124
24         23      79
25         24      77
[1] 2.5
   cluster_id ess_num
1           0     682
2           1     590
3           2     572
4           3     503
5           4     474
6           5     456
7           6     444
8           7     386
9           8     366
10          9     350
11         10     349
12         11     344
13         12     338
14         13     338
15         14     333
16         15     328
17         16     321
18         17     297
19         18     290
20         19     266
21         20     258
22         21     233
23         22     197
24         23     183
25         24     134
26         25     115
27         26      97
28         27      77
[1] 3
   cluster_id ess_num
1           0     571
2           1     535
3           2     495
4           3     464
5           4     455
6           5     428
7           6     423
8           7     375
9           8     342
10          9     342
11         10     336
12         11     335
13         12     334
14         13     330
15         14     320
16         15     314
17         16     305
18         17     296
19         18     294
20         19     282
21         20     280
22         21     248
23         22     232
24         23     201
25         24     192
26         25     176
27         26     128
28         27     119
29         28      92
30         29      77
[1] 1.5
   cluster_id ess_num
1           0     869
2           1     801
3           2     771
4           3     739
5           4     729
6           5     712
7           6     641
8           7     569
9           8     525
10          9     499
11         10     487
12         11     455
13         12     402
14         13     384
15         14     286
16         15     166
17         16     165
18         17     121
[1] 0.75
   cluster_id ess_num
1           0    1981
2           1    1613
3           2    1401
4           3    1019
5           4     901
6           5     875
7           6     860
8           7     325
9           8     231
10          9     115
[1] 0.5
  cluster_id ess_num
1          0    2201
2          1    2060
3          2    1642
4          3    1509
5          4     856
6          5     796
7          6     257
