[1] 1
   cluster_id noness_num
1           0       1163
2           1        780
3           2        745
4           3        727
5           4        533
6           5        460
7           6        393
8           7        366
9           8        337
10          9        303
11         10         92
[1] 2
   cluster_id noness_num
1           0        440
2           1        432
3           2        424
4           3        414
5           4        387
6           5        360
7           6        358
8           7        341
9           8        336
10          9        331
11         10        313
12         11        293
13         12        290
14         13        220
15         14        198
16         15        189
17         16        168
18         17        122
19         18        107
20         19         93
21         20         83
[1] 2.5
   cluster_id noness_num
1           0        409
2           1        408
3           2        391
4           3        353
5           4        327
6           5        327
7           6        325
8           7        320
9           8        312
10          9        300
11         10        291
12         11        267
13         12        262
14         13        217
15         14        202
16         15        166
17         16        140
18         17        139
19         18        139
20         19        133
21         20        108
22         21         97
23         22         94
24         23         91
25         24         81
[1] 3
   cluster_id noness_num
1           0        389
2           1        355
3           2        348
4           3        328
5           4        322
6           5        310
7           6        291
8           7        290
9           8        284
10          9        281
11         10        281
12         11        276
13         12        256
14         13        219
15         14        205
16         15        203
17         16        169
18         17        163
19         18        149
20         19        140
21         20        138
22         21        137
23         22         95
24         23         93
25         24         92
26         25         85
[1] 1.5
   cluster_id noness_num
1           0        937
2           1        480
3           2        446
4           3        427
5           4        418
6           5        405
7           6        373
8           7        366
9           8        358
10          9        338
11         10        331
12         11        292
13         12        202
14         13        157
15         14        144
16         15        132
17         16         93
[1] 0.75
  cluster_id noness_num
1          0       1237
2          1       1185
3          2        875
4          3        750
5          4        491
6          5        460
7          6        397
8          7        361
9          8        143
[1] 0.5
  cluster_id noness_num
1          0       1425
2          1       1246
3          2       1144
4          3        903
5          4        642
6          5        445
7          6         94
